MAX_EPOCHS = 300
BATCH_SIZE = 128
テストデータで実施


tensor([[[ 4.0510e+01,  3.9921e+00,  3.9921e+00,  3.9921e+00,  3.9921e+00],
         [ 4.5840e+01, -2.7095e+01, -3.2391e+00, -2.7095e+01, -2.7095e+01],
         [ 7.3994e+01, -4.4261e-01, -5.3919e+01, -4.4261e-01, -9.2614e+00],
         [ 1.5058e+02, -1.1603e+00, -3.5902e+01, -1.1603e+00,  3.0743e+00],
         [ 2.3532e+02,  5.2623e+01, -1.2461e+01,  5.2623e+01,  3.1702e+01],
         [ 3.0598e+02,  1.4317e+02, -1.0821e+01,  1.4317e+02,  6.1522e+01],
         [ 3.6300e+02,  3.2192e+02, -2.9258e-01,  3.2192e+02,  1.1965e+02],
         [ 4.1019e+02,  4.5373e+02,  1.0639e+01,  4.5373e+02,  2.0912e+02],
         [ 4.4701e+02,  4.6789e+02,  2.3060e+01,  4.8583e+02,  2.6987e+02],
         [ 4.6205e+02,  4.6043e+02,  2.1339e+01,  5.1501e+02,  3.1111e+02],
         [ 4.4970e+02,  4.5315e+02,  5.8079e+01,  4.9658e+02,  3.4266e+02],
         [ 4.3125e+02,  4.5876e+02,  1.3871e+02,  4.9469e+02,  3.7951e+02],
         [ 4.3891e+02,  4.6585e+02,  2.6460e+02,  4.9852e+02,  3.9394e+02],
         [ 4.3876e+02,  4.6882e+02,  3.0372e+02,  4.9605e+02,  4.0570e+02],
         [ 4.4604e+02,  4.6714e+02,  3.1309e+02,  4.9480e+02,  4.1500e+02],
         [ 4.5230e+02,  4.6313e+02,  3.1508e+02,  4.7218e+02,  4.2328e+02],
         [ 4.6007e+02,  4.6378e+02,  3.6007e+02,  4.6207e+02,  4.2360e+02],
         [ 4.7361e+02,  4.6254e+02,  3.9063e+02,  4.4279e+02,  4.3273e+02],
         [ 4.6656e+02,  4.7099e+02,  4.0673e+02,  4.3451e+02,  4.5474e+02],
         [ 4.6085e+02,  4.9466e+02,  4.2426e+02,  4.3422e+02,  4.8261e+02],
         [ 4.5953e+02,  5.2681e+02,  4.3412e+02,  4.3574e+02,  4.9078e+02],
         [ 4.5013e+02,  5.5139e+02,  4.4681e+02,  4.2489e+02,  5.2269e+02],
         [ 4.4901e+02,  5.6059e+02,  4.2894e+02,  4.0809e+02,  5.1569e+02],
         [ 4.3934e+02,  5.5916e+02,  4.3619e+02,  4.0245e+02,  5.2183e+02],
         [ 4.2856e+02,  5.5667e+02,  4.3616e+02,  4.0040e+02,  5.2445e+02],
         [ 3.9518e+02,  5.5541e+02,  4.3513e+02,  4.0159e+02,  5.2025e+02],
         [ 3.8869e+02,  5.5335e+02,  4.2960e+02,  4.0989e+02,  5.2147e+02],
         [ 3.8296e+02,  5.5340e+02,  4.3091e+02,  4.2347e+02,  5.2153e+02],
         [ 3.9269e+02,  5.5041e+02,  4.3409e+02,  4.6174e+02,  5.1861e+02],
         [ 3.9866e+02,  5.4711e+02,  4.2652e+02,  4.7774e+02,  5.2333e+02],
         [ 3.9816e+02,  5.3873e+02,  4.1438e+02,  4.5396e+02,  5.1903e+02],
         [ 4.0041e+02,  5.2738e+02,  4.0114e+02,  4.4904e+02,  5.0824e+02],
         [ 3.8353e+02,  5.1864e+02,  3.8827e+02,  4.5081e+02,  5.0348e+02],
         [ 3.6515e+02,  4.9916e+02,  3.9072e+02,  4.5651e+02,  4.9444e+02],
         [ 3.6524e+02,  4.8571e+02,  3.9691e+02,  4.4802e+02,  4.8889e+02],
         [ 3.6694e+02,  4.5832e+02,  3.9714e+02,  4.4375e+02,  4.8923e+02],
         [ 3.6347e+02,  4.3476e+02,  3.7855e+02,  4.4489e+02,  4.9417e+02],
         [ 3.6084e+02,  4.1552e+02,  3.7586e+02,  4.3267e+02,  5.0418e+02],
         [ 3.6427e+02,  4.0028e+02,  3.7755e+02,  4.2201e+02,  4.8678e+02],
         [ 3.6992e+02,  3.8853e+02,  3.7616e+02,  4.0795e+02,  4.8824e+02],
         [ 3.7161e+02,  3.7593e+02,  3.7450e+02,  3.9977e+02,  4.8404e+02],
         [ 3.6573e+02,  3.6894e+02,  3.7651e+02,  3.9243e+02,  4.8250e+02],
         [ 3.6127e+02,  3.6024e+02,  3.8002e+02,  3.7884e+02,  4.9072e+02],
         [ 3.5964e+02,  3.5476e+02,  3.8209e+02,  3.6635e+02,  5.0388e+02],
         [ 3.5840e+02,  3.5356e+02,  3.7784e+02,  3.4905e+02,  5.0635e+02],
         [ 3.5312e+02,  3.5150e+02,  3.7836e+02,  3.3665e+02,  5.0680e+02],
         [ 3.4441e+02,  3.4658e+02,  3.7417e+02,  3.2704e+02,  5.0514e+02],
         [ 3.3914e+02,  3.4360e+02,  3.6851e+02,  3.1694e+02,  5.0149e+02],
         [ 3.3439e+02,  3.4074e+02,  3.6595e+02,  3.1226e+02,  4.8981e+02],
         [ 3.3073e+02,  3.3437e+02,  3.6766e+02,  3.0730e+02,  4.7715e+02],
         [ 3.2733e+02,  3.3010e+02,  3.7405e+02,  3.0396e+02,  4.7089e+02],
         [ 3.2470e+02,  3.2890e+02,  3.7953e+02,  3.0322e+02,  4.7307e+02],
         [ 3.2338e+02,  3.2856e+02,  3.8194e+02,  3.0265e+02,  4.6882e+02],
         [ 3.2254e+02,  3.2840e+02,  3.8200e+02,  3.0180e+02,  4.5547e+02],
         [ 3.2147e+02,  3.2751e+02,  3.8288e+02,  3.0115e+02,  4.3977e+02],
         [ 3.1987e+02,  3.2410e+02,  3.8517e+02,  3.0005e+02,  4.3301e+02],
         [ 3.1814e+02,  3.2227e+02,  3.8528e+02,  2.9851e+02,  4.2985e+02],
         [ 3.1667e+02,  3.2130e+02,  3.8515e+02,  2.9621e+02,  4.2772e+02],
         [ 3.1550e+02,  3.2032e+02,  3.8606e+02,  2.9175e+02,  4.2589e+02],
         [ 3.1408e+02,  3.1856e+02,  3.8413e+02,  2.8709e+02,  4.2462e+02],
         [ 3.1209e+02,  3.1619e+02,  3.7990e+02,  2.8283e+02,  4.2309e+02],
         [ 3.0977e+02,  3.1373e+02,  3.7607e+02,  2.8011e+02,  4.1971e+02],
         [ 3.0656e+02,  3.1037e+02,  3.7117e+02,  2.7917e+02,  4.1439e+02],
         [ 3.0522e+02,  3.0924e+02,  3.6755e+02,  2.7835e+02,  4.1169e+02],
         [ 3.0467e+02,  3.0900e+02,  3.6107e+02,  2.7723e+02,  4.0997e+02],
         [ 3.0401e+02,  3.0864e+02,  3.5590e+02,  2.7574e+02,  4.0184e+02],
         [ 3.0302e+02,  3.0681e+02,  3.5392e+02,  2.7426e+02,  3.9629e+02],
         [ 3.0166e+02,  3.0279e+02,  3.5180e+02,  2.7290e+02,  3.9373e+02],
         [ 3.0011e+02,  3.0023e+02,  3.5080e+02,  2.7160e+02,  3.9153e+02],
         [ 2.9876e+02,  2.9919e+02,  3.4920e+02,  2.7036e+02,  3.8973e+02],
         [ 2.9763e+02,  2.9519e+02,  3.4651e+02,  2.6913e+02,  3.8895e+02],
         [ 2.9650e+02,  2.9347e+02,  3.4468e+02,  2.6769e+02,  3.8828e+02],
         [ 2.9541e+02,  2.9282e+02,  3.4313e+02,  2.6630e+02,  3.8624e+02],
         [ 2.9402e+02,  2.9181e+02,  3.4080e+02,  2.6524e+02,  3.8195e+02],
         [ 2.9302e+02,  2.9040e+02,  3.3931e+02,  2.6454e+02,  3.7746e+02],
         [ 2.9230e+02,  2.8863e+02,  3.3868e+02,  2.6399e+02,  3.7363e+02],
         [ 2.9193e+02,  2.8771e+02,  3.3833e+02,  2.6337e+02,  3.7105e+02],
         [ 2.9168e+02,  2.8714e+02,  3.3815e+02,  2.6258e+02,  3.6966e+02],
         [ 2.9114e+02,  2.8656e+02,  3.3798e+02,  2.6162e+02,  3.6905e+02]]],
       device='cuda:0', grad_fn=<PermuteBackward0>)
tensor([320.1200, 275.1200, 337.2000, 257.5100, 387.2400])
