tensor([[[ 2.5910e+01, -1.6441e+01, -1.6441e+01, -1.6441e+01, -1.6441e+01],
         [ 2.3659e+02, -3.7437e+01, -3.1079e+01, -3.7437e+01, -3.7437e+01],
         [ 4.1068e+02, -3.3954e+01, -4.9870e+01, -3.3954e+01, -2.8658e+01],
         [ 4.3379e+02, -3.5166e+01, -3.4049e+01, -3.5166e+01, -3.2446e+01],
         [ 3.9050e+02, -2.0239e+01, -4.3055e+01, -2.0239e+01, -7.3904e+01],
         [ 3.4952e+02, -3.0494e+01, -2.8989e+01, -3.0494e+01, -3.4413e+01],
         [ 3.1313e+02, -3.5662e+01, -2.4623e+01, -3.5662e+01, -5.7066e+01],
         [ 2.8041e+02, -4.1583e+01, -2.7573e+01, -4.1583e+01, -2.8996e+01],
         [ 2.2234e+02, -4.5360e+01, -2.2714e+01, -3.5925e+01, -5.9217e+01],
         [ 1.7675e+02, -4.7122e+01, -2.3149e+01, -3.9376e+01, -4.1010e+01],
         [ 1.7647e+02, -2.5600e+01, -1.6429e+01, -2.2985e+01, -7.4305e+01],
         [ 1.6131e+02, -2.3683e+01, -1.5871e+01, -4.0216e+01, -5.5261e+01],
         [ 1.5324e+02, -1.9302e+01, -1.0836e+01, -1.8930e+01, -8.2584e+01],
         [ 1.3424e+02, -5.4965e+01, -1.5838e+01, -1.5288e+01, -8.0493e+01],
         [ 1.4245e+02, -4.8262e+01, -2.1321e+01, -9.8616e+00, -3.5009e+01],
         [ 1.8047e+02, -3.5834e+01, -1.0362e+01,  7.2052e+00, -4.8994e+01],
         [ 1.7311e+02, -2.2273e+01, -6.6100e+01,  1.9335e+01, -5.6317e+01],
         [ 1.3391e+02, -2.3663e+01, -7.7705e+01,  2.6266e+01, -3.4442e+01],
         [ 1.0998e+02, -9.5351e+00, -3.7803e+01, -6.1639e+00, -3.5026e+01],
         [ 1.3137e+02, -1.1503e+01, -7.3366e+01,  1.1724e+01, -2.6955e+01],
         [ 1.2573e+02, -1.9607e+01, -1.0845e+02,  7.7680e+00, -2.0532e+01],
         [ 1.3938e+02, -2.9652e+01, -6.7199e+01,  1.4974e+01, -2.4553e+00],
         [ 1.2933e+02, -2.4252e+01, -9.7232e+01,  2.3887e+00, -2.3272e+01],
         [ 1.4511e+02, -2.0448e+01, -9.1517e+01, -7.2351e+00, -1.9730e+01],
         [ 1.3415e+02, -3.5708e+01, -4.7978e+01,  1.3124e+00, -1.3562e+01],
         [ 1.3207e+02, -2.5603e+01, -9.3921e+01, -5.4998e+00, -1.0658e+00],
         [ 1.4895e+02, -2.6383e+01, -7.5927e+01, -1.1825e+01,  2.8806e+00],
         [ 1.6013e+02, -3.4811e+01, -8.6264e+01, -1.7044e+01, -1.6402e+01],
         [ 1.5863e+02, -3.1646e+01, -5.4595e+01, -2.2773e+01, -6.6064e+00],
         [ 1.8380e+02, -3.2982e+01, -7.6747e+01, -2.9080e+01, -3.1895e+01],
         [ 1.7409e+02, -2.2650e+01, -3.7619e+01, -1.7906e+01, -2.7366e+01],
         [ 1.7424e+02, -2.7777e+01, -4.5394e+01, -1.3494e+01, -1.4440e+01],
         [ 1.5778e+02, -2.3334e+01, -6.1005e+01, -2.6383e+00,  8.7422e+00],
         [ 1.5927e+02, -1.4468e+01, -7.2468e+01, -1.1175e+01,  4.8860e+01],
         [ 1.7408e+02,  5.8165e+01, -7.0806e+01,  4.3470e+00,  8.8024e+01],
         [ 1.6991e+02,  1.4861e+02, -6.9072e+01, -2.8207e-01,  1.1917e+02],
         [ 1.4965e+02,  1.9363e+02, -6.5272e+01,  9.8344e+00,  1.3741e+02],
         [ 1.3383e+02,  2.1698e+02, -6.9416e+01,  2.3384e+01,  1.6478e+02],
         [ 1.2741e+02,  2.3719e+02, -7.5021e+01,  2.7815e+01,  1.9136e+02],
         [ 1.3993e+02,  2.5708e+02, -5.7284e+01,  3.3983e+01,  1.7001e+02],
         [ 1.6056e+02,  2.7281e+02, -6.3446e+01,  3.7721e+01,  1.4361e+02],
         [ 1.8529e+02,  2.8807e+02, -6.8958e+01,  4.7283e+01,  1.4690e+02],
         [ 2.0251e+02,  2.9584e+02, -6.5194e+01,  9.0878e+01,  1.8026e+02],
         [ 2.1927e+02,  2.9888e+02, -9.1882e+01,  1.3977e+02,  2.0054e+02],
         [ 2.3457e+02,  3.0295e+02, -6.0934e+01,  1.7261e+02,  2.1594e+02],
         [ 2.4520e+02,  3.0706e+02, -6.4493e+01,  1.9633e+02,  2.3237e+02],
         [ 2.5003e+02,  3.0822e+02, -4.9864e+01,  2.0995e+02,  2.5580e+02],
         [ 2.5226e+02,  3.0716e+02, -3.9202e+01,  2.1987e+02,  2.8217e+02],
         [ 2.5366e+02,  3.0480e+02, -2.3530e+01,  2.2983e+02,  3.0234e+02],
         [ 2.5471e+02,  3.0194e+02,  1.3422e+00,  2.3558e+02,  3.1417e+02],
         [ 2.5447e+02,  2.9976e+02,  4.5702e+01,  2.3807e+02,  3.2094e+02],
         [ 2.5166e+02,  2.9840e+02,  9.5421e+01,  2.3931e+02,  3.2716e+02],
         [ 2.5005e+02,  2.9739e+02,  1.3312e+02,  2.4145e+02,  3.3463e+02],
         [ 2.4830e+02,  2.9662e+02,  1.6395e+02,  2.4901e+02,  3.4067e+02],
         [ 2.4497e+02,  2.9602e+02,  1.9405e+02,  2.6023e+02,  3.4672e+02],
         [ 2.4275e+02,  2.9542e+02,  2.2237e+02,  2.6493e+02,  3.5208e+02],
         [ 2.4501e+02,  2.9467e+02,  2.4171e+02,  2.6690e+02,  3.5529e+02],
         [ 2.4606e+02,  2.9378e+02,  2.5680e+02,  2.7204e+02,  3.5387e+02],
         [ 2.4463e+02,  2.9288e+02,  2.7289e+02,  2.7729e+02,  3.5095e+02],
         [ 2.4282e+02,  2.9205e+02,  2.8883e+02,  2.7879e+02,  3.4818e+02],
         [ 2.4121e+02,  2.9128e+02,  2.9924e+02,  2.7839e+02,  3.4572e+02],
         [ 2.3994e+02,  2.9053e+02,  3.0347e+02,  2.7718e+02,  3.4332e+02],
         [ 2.3931e+02,  2.8980e+02,  3.0633e+02,  2.7565e+02,  3.4073e+02],
         [ 2.4101e+02,  2.8908e+02,  3.1112e+02,  2.7421e+02,  3.3808e+02],
         [ 2.4595e+02,  2.8838e+02,  3.1400e+02,  2.7305e+02,  3.3612e+02],
         [ 2.4813e+02,  2.8772e+02,  3.1511e+02,  2.7281e+02,  3.3503e+02],
         [ 2.4828e+02,  2.8709e+02,  3.1512e+02,  2.7576e+02,  3.3422e+02],
         [ 2.4946e+02,  2.8647e+02,  3.1449e+02,  2.8035e+02,  3.3327e+02],
         [ 2.5407e+02,  2.8575e+02,  3.1358e+02,  2.8144e+02,  3.3189e+02],
         [ 2.5766e+02,  2.8480e+02,  3.1264e+02,  2.8100e+02,  3.3025e+02],
         [ 2.5848e+02,  2.8378e+02,  3.1203e+02,  2.8027e+02,  3.2913e+02],
         [ 2.5991e+02,  2.8282e+02,  3.1186e+02,  2.7933e+02,  3.2855e+02],
         [ 2.6482e+02,  2.8193e+02,  3.1153e+02,  2.7796e+02,  3.2802e+02],
         [ 2.6848e+02,  2.8108e+02,  3.1072e+02,  2.7611e+02,  3.2781e+02],
         [ 2.6904e+02,  2.8025e+02,  3.0995e+02,  2.7341e+02,  3.2766e+02],
         [ 2.6877e+02,  2.7943e+02,  3.0916e+02,  2.7001e+02,  3.2749e+02],
         [ 2.6838e+02,  2.7864e+02,  3.0831e+02,  2.6683e+02,  3.2730e+02],
         [ 2.6796e+02,  2.7785e+02,  3.0752e+02,  2.6430e+02,  3.2710e+02],
         [ 2.6744e+02,  2.7708e+02,  3.0692e+02,  2.6229e+02,  3.2692e+02]]],
       device='cuda:0', grad_fn=<PermuteBackward0>)
tensor([320.1200, 275.1200, 337.2000, 257.5100, 387.2400])
