tensor([[[ 49.7693,  14.1336,  14.1336,  14.1336,  14.1336],
         [124.2694,  36.7836,  32.8400,  36.7836,  36.7836],
         [181.9806,  93.4735,  55.9556,  93.4735,  63.8184],
         [211.6851, 158.6892,  72.5823, 158.6892,  97.3639],
         [225.3933, 208.9973,  87.3044, 208.9973, 138.6751],
         [231.6456, 244.7447,  97.2734, 244.7447, 181.8164],
         [240.5826, 269.2684, 100.5747, 269.2684, 219.8538],
         [255.6499, 283.1297, 106.9537, 283.1297, 249.3579],
         [275.0842, 292.8018, 111.7846, 298.3889, 269.3034],
         [300.3110, 294.7498, 119.6048, 310.8274, 283.0053],
         [315.2426, 292.6270, 130.0389, 312.5645, 287.2460],
         [330.5138, 292.4559, 150.3027, 320.0128, 297.6848],
         [334.5952, 292.1844, 176.3217, 327.3196, 303.2910],
         [336.1564, 292.7644, 202.1705, 341.1549, 325.3589],
         [337.3340, 294.6042, 245.5851, 344.4117, 339.5920],
         [341.3692, 303.4340, 320.5770, 342.1395, 346.8134],
         [338.9579, 304.5721, 383.4266, 338.6666, 351.8578],
         [340.6303, 305.2445, 421.9097, 331.1036, 357.9022],
         [343.6150, 312.8744, 413.7224, 324.3763, 366.4666],
         [351.2949, 326.0291, 402.7224, 321.7611, 377.9646],
         [356.4875, 342.2360, 407.3749, 320.1145, 378.2228],
         [367.2222, 355.8076, 421.5023, 320.3392, 389.1033],
         [366.4347, 362.9509, 447.4147, 322.3753, 398.7779],
         [367.8834, 379.5555, 452.5341, 320.3560, 409.8765],
         [366.6344, 395.5304, 459.7665, 317.9601, 396.3917],
         [363.4367, 395.2897, 462.3221, 315.5889, 389.3453],
         [359.3113, 380.6900, 461.7120, 312.6776, 385.0345],
         [365.8629, 380.6382, 452.7891, 310.3446, 382.5001],
         [368.5450, 385.2178, 445.5604, 304.9334, 386.0003],
         [377.6823, 386.1033, 438.2713, 304.2173, 385.9615],
         [373.4496, 391.8368, 426.8912, 305.9675, 382.8883],
         [373.3839, 397.9048, 417.1317, 308.7639, 394.4092],
         [368.1884, 401.0357, 418.9228, 310.1393, 389.1481],
         [361.9336, 400.1998, 427.4178, 309.8958, 391.1490],
         [357.0078, 397.7583, 429.3195, 309.0907, 387.2676],
         [355.1054, 394.8605, 447.3541, 309.3588, 383.0448],
         [352.4022, 391.4780, 450.3401, 308.9674, 382.4529],
         [351.8867, 387.2211, 455.3651, 307.5406, 381.6457],
         [351.4922, 382.0678, 444.8961, 306.2874, 388.9304],
         [350.6968, 376.6680, 440.9518, 305.0437, 403.8128],
         [349.7904, 371.8263, 449.1330, 303.9480, 399.6845],
         [348.9413, 367.5892, 449.0104, 302.8702, 398.0429],
         [347.8604, 363.4735, 443.0395, 301.7114, 396.4447],
         [346.3385, 359.2948, 442.8268, 300.2518, 390.4783],
         [344.4919, 355.3744, 444.5065, 298.4815, 381.3318],
         [342.5303, 352.1609, 445.7245, 296.5810, 373.7152],
         [340.5272, 349.7846, 438.4601, 294.7139, 368.9736],
         [338.5005, 348.0613, 424.8640, 293.0028, 365.5646],
         [336.4525, 346.7362, 415.9370, 291.4988, 362.9505],
         [334.2554, 345.6259, 406.8221, 290.1863, 361.0790],
         [331.7814, 344.6297, 396.3499, 289.0317, 359.7255],
         [329.3488, 343.6810, 387.2982, 288.0036, 358.6758],
         [327.0472, 342.7165, 380.9572, 287.0779, 357.8150],
         [324.7787, 341.6658, 376.3675, 286.2313, 357.0485],
         [322.5770, 340.4516, 372.5074, 285.4382, 356.2755],
         [320.5652, 339.0090, 369.2455, 284.6688, 355.3870],
         [318.7695, 337.3057, 366.3903, 283.8916, 354.2878],
         [317.1036, 335.3735, 363.7988, 283.0793, 352.9007],
         [315.4708, 333.2472, 361.4576, 282.2232, 351.1801],
         [313.8213, 330.9551, 359.3506, 281.3151, 349.1607],
         [312.1526, 328.7670, 357.4598, 280.3456, 346.9272],
         [310.4961, 326.7210, 355.7897, 279.3049, 344.3103],
         [308.8915, 324.7165, 354.3439, 278.1934, 341.0040],
         [307.3727, 322.8323, 353.1111, 277.0432, 337.9159],
         [305.9580, 321.2016, 352.0468, 275.9124, 335.8544],
         [304.6501, 319.8739, 351.0847, 274.8637, 334.6003],
         [303.4302, 318.8018, 350.1585, 273.9328, 333.7493],
         [302.2440, 317.8996, 349.2205, 273.1272, 332.9996],
         [301.0229, 317.0864, 348.2452, 272.4228, 332.2019],
         [299.7306, 316.2825, 347.1273, 271.7772, 331.3754],
         [298.3874, 315.4150, 345.7262, 271.1506, 330.6005],
         [297.0539, 314.4319, 344.3679, 270.5128, 329.9181],
         [295.7814, 313.3286, 343.2865, 269.8439, 329.3275],
         [294.5919, 312.1390, 342.4412, 269.1355, 328.8052],
         [293.4829, 310.9105, 341.7404, 268.3885, 328.3135],
         [292.4478, 309.6747, 341.1177, 267.6116, 327.8086],
         [291.4797, 308.4267, 340.5592, 266.8198, 327.2304],
         [290.5744, 307.1283, 340.0808, 266.0306, 326.5159],
         [289.7225, 305.7317, 339.6990, 265.2596, 325.6520]]], device='cuda:0',
       grad_fn=<PermuteBackward0>)
tensor([320.1200, 275.1200, 337.2000, 257.5100, 387.2400])
