MAX_EPOCHS = 300
BATCH_SIZE = 128
テストデータなし

tensor([[[ 52.3323,  52.3323,  79.5459,  79.5459,  79.5459],
         [115.7466, 115.7466, 193.1150, 201.4616, 201.4616],
         [153.4063, 153.4063, 328.7298, 254.2898, 254.2898],
         [172.7346, 172.7346, 359.6053, 268.9932, 272.4715],
         [202.7526, 202.7526, 366.0126, 249.1064, 274.9582],
         [211.9706, 211.9706, 348.5730, 245.3932, 271.0325],
         [215.9721, 219.5582, 320.9234, 256.6173, 266.1759],
         [234.5231, 224.4540, 296.8506, 261.2928, 267.6205],
         [241.9703, 231.0711, 279.5998, 261.0143, 281.7702],
         [241.4786, 231.3272, 242.4475, 253.6235, 288.7945],
         [252.6074, 243.4199, 203.1479, 256.2562, 285.8408],
         [258.4411, 253.3032, 195.4901, 253.1842, 275.0888],
         [271.0201, 267.4960, 217.4297, 249.4477, 266.3406],
         [279.9035, 270.2493, 220.4236, 246.5458, 252.3355],
         [279.2837, 267.7989, 237.5945, 245.6908, 245.0076],
         [274.8047, 262.0813, 241.6966, 244.7486, 243.1415],
         [265.0244, 248.1042, 246.7277, 238.6572, 246.7632],
         [245.2255, 241.2932, 253.0886, 242.6288, 239.4206],
         [239.9878, 249.1082, 264.7403, 259.1892, 249.4066],
         [261.3555, 269.3475, 270.8448, 289.0856, 285.9152],
         [277.6565, 282.7244, 271.8777, 319.5591, 342.2924],
         [285.7976, 283.1351, 271.6562, 342.1764, 389.0013],
         [285.3524, 280.8822, 268.2116, 350.0228, 397.6642],
         [282.1198, 278.9937, 298.2411, 349.2108, 389.9153],
         [279.2256, 277.4343, 348.9517, 344.6663, 382.0392],
         [277.6345, 276.0596, 364.6008, 342.9842, 375.9695],
         [276.5160, 274.6258, 365.1924, 345.0066, 369.8781],
         [275.4925, 272.9193, 363.1414, 347.1521, 363.9633],
         [274.3706, 270.5426, 358.0986, 349.3729, 361.7008],
         [273.0854, 267.2105, 349.6454, 352.9102, 362.4914],
         [271.5706, 263.7072, 346.9219, 352.5577, 363.3373],
         [269.6676, 260.4171, 345.0849, 349.0711, 362.4117],
         [266.4655, 257.7073, 337.7034, 347.9073, 358.1336],
         [263.1526, 255.6378, 333.5858, 344.0858, 353.3038],
         [261.6720, 255.5323, 331.5393, 340.2686, 351.6246],
         [263.9703, 259.5862, 328.3900, 337.5539, 350.5794],
         [265.8407, 262.5766, 325.4660, 335.8564, 347.8609],
         [264.8848, 262.6293, 323.6978, 334.6836, 345.4515],
         [263.7440, 262.0597, 324.7256, 333.5252, 342.8140],
         [262.8912, 261.4488, 327.9243, 331.8036, 340.4998],
         [262.2043, 260.8540, 328.0672, 329.4736, 338.9253],
         [261.5869, 260.2748, 326.0376, 326.8303, 337.8391],
         [260.9962, 259.7087, 324.8428, 325.3394, 336.8188],
         [260.4156, 259.1600, 322.5687, 323.2867, 335.2283],
         [259.8427, 258.6316, 320.0029, 321.4138, 333.2165],
         [259.2796, 258.1275, 317.6006, 319.8264, 331.3615],
         [258.7325, 257.6500, 315.0428, 318.3309, 329.5549],
         [258.2069, 257.2014, 312.7091, 316.9737, 328.4951],
         [257.7077, 256.7805, 310.6557, 315.8290, 326.6470],
         [257.2379, 256.3873, 308.2900, 314.7421, 325.0287],
         [256.7984, 256.0182, 306.4231, 313.5487, 323.8858],
         [256.3881, 255.6704, 305.2754, 312.3405, 322.8991],
         [256.0051, 255.3405, 304.4130, 311.2764, 321.8253],
         [255.6457, 255.0242, 303.5290, 310.4362, 320.5327],
         [255.3051, 254.7180, 302.5491, 309.8001, 319.2229],
         [254.9796, 254.4182, 301.5657, 309.2985, 318.1944],
         [254.6655, 254.1214, 300.7238, 308.8633, 317.3749],
         [254.3569, 253.8240, 300.0749, 308.4517, 316.6226],
         [254.0524, 253.5261, 299.5668, 308.0477, 315.8693],
         [253.7479, 253.2245, 299.1249, 307.6397, 315.0773],
         [253.4415, 252.9196, 298.6911, 307.2115, 314.2502],
         [253.1310, 252.6100, 298.2226, 306.7535, 313.4275],
         [252.8185, 252.2987, 297.6860, 306.2630, 312.6646],
         [252.5008, 251.9845, 297.0612, 305.7522, 311.9964],
         [252.1805, 251.6710, 296.3404, 305.2408, 311.4091],
         [251.8601, 251.3604, 295.5332, 304.7498, 310.8671],
         [251.5410, 251.0546, 294.6756, 304.2992, 310.3299],
         [251.2264, 250.7555, 293.8054, 303.8986, 309.7539],
         [250.9161, 250.4636, 292.9494, 303.5446, 309.1017],
         [250.6152, 250.1822, 292.1132, 303.2308, 308.3669],
         [250.3241, 249.9104, 291.2899, 302.9451, 307.5875],
         [250.0437, 249.6498, 290.4711, 302.6758, 306.8418],
         [249.7747, 249.3995, 289.6548, 302.4128, 306.1972],
         [249.5162, 249.1588, 288.8434, 302.1456, 305.6691],
         [249.2697, 248.9280, 288.0415, 301.8636, 305.2356],
         [249.0329, 248.7059, 287.2578, 301.5598, 304.8608],
         [248.8057, 248.4922, 286.4972, 301.2266, 304.5164],
         [248.5887, 248.2849, 285.7607, 300.8575, 304.1797],
         [248.3790, 248.0832, 285.0506, 300.4524, 303.8365]]], device='cuda:0',
       grad_fn=<PermuteBackward0>)
tensor([239.7600, 248.7000, 277.4000, 305.1800, 303.8400])


tensor([[[128.0802,  79.5459,  79.5459,  52.3323,  52.3323],
         [271.7851, 201.4616, 227.4174,  23.4443,  23.4443],
         [322.7927, 254.2898, 306.9586,  -6.9297,  -6.9297],
         [328.3491, 268.9932, 328.9227,  36.5814,  36.5814],
         [309.7607, 257.0880, 324.1264,  85.9384,  85.9384],
         [292.6066, 244.3761, 305.7675, 128.1214, 128.1214],
         [283.2775, 232.4818, 286.0090, 184.3713, 184.3713],
         [278.2887, 228.3955, 285.6187, 226.0683, 226.0683],
         [279.0185, 239.6295, 278.8975, 247.4500, 247.4500],
         [276.9828, 245.7530, 282.9228, 257.3436, 257.3436],
         [271.1044, 249.5790, 294.2621, 260.5629, 260.5629],
         [264.9901, 252.8847, 292.7994, 245.9190, 254.1755],
         [263.0798, 252.3185, 290.8638, 235.5887, 247.3595],
         [265.5501, 251.8636, 287.2049, 239.0313, 240.6173],
         [265.6408, 263.8279, 281.1117, 242.7517, 241.0415],
         [254.5617, 269.7285, 279.4103, 245.1028, 239.9836],
         [266.3273, 261.9366, 277.9690, 242.5145, 238.0509],
         [284.0543, 253.0119, 270.1801, 240.9141, 239.0136],
         [294.0897, 257.0229, 263.2705, 238.3033, 238.4195],
         [308.7101, 269.9347, 259.1689, 235.9101, 233.1816],
         [315.7575, 276.5698, 266.1765, 236.4905, 221.4641],
         [318.7145, 281.9137, 280.9918, 254.1289, 236.3777],
         [319.4891, 284.5369, 281.6705, 287.1115, 255.0416],
         [313.1178, 284.2211, 280.8413, 315.8152, 276.6081],
         [307.2159, 283.8424, 280.3215, 326.2061, 303.7587],
         [303.2190, 283.7299, 279.5115, 329.0318, 317.0078],
         [301.4231, 283.5239, 278.7193, 331.6446, 323.6378],
         [300.3093, 283.3694, 278.0431, 336.1603, 325.7112],
         [299.3807, 283.2590, 276.5719, 341.7223, 329.6121],
         [298.5959, 282.9441, 273.7452, 344.6212, 332.0812],
         [298.6047, 281.9343, 271.0096, 345.5414, 330.4900],
         [300.1336, 279.2498, 268.0603, 342.5696, 326.1423],
         [297.7254, 275.5730, 264.9445, 333.4181, 321.6126],
         [294.2989, 272.8302, 261.7728, 326.4380, 313.4978],
         [291.2880, 270.7191, 258.9230, 318.1921, 307.8957],
         [288.8081, 270.6801, 257.0502, 314.8200, 305.2711],
         [286.9091, 274.7075, 256.2276, 314.6379, 303.9258],
         [285.4659, 276.7000, 257.2381, 315.1725, 303.8101],
         [284.3093, 276.2341, 261.9912, 315.6785, 304.2045],
         [283.3130, 275.2320, 265.1766, 315.9574, 304.6340],
         [282.4039, 274.1361, 265.2849, 315.9336, 304.9709],
         [281.5429, 273.0463, 264.6835, 315.5323, 305.2546],
         [280.7124, 272.0241, 263.9817, 314.6656, 305.3679],
         [279.8962, 271.1064, 263.2605, 313.5150, 305.0309],
         [279.0868, 270.2988, 262.5301, 312.0193, 303.9485],
         [278.2804, 269.5861, 261.7939, 310.3922, 301.9651],
         [277.4805, 268.9417, 261.0580, 309.0356, 300.3202],
         [276.6964, 268.3398, 260.3277, 307.3916, 298.9104],
         [275.9405, 267.7618, 259.6124, 305.4476, 297.4388],
         [275.2244, 267.1931, 258.9191, 303.9855, 296.1726],
         [274.5546, 266.6238, 258.2549, 303.2200, 295.3519],
         [273.9335, 266.0469, 257.6270, 302.7676, 294.8215],
         [273.3578, 265.4576, 257.0392, 302.3894, 294.2425],
         [272.8214, 264.8533, 256.4926, 301.9622, 293.3549],
         [272.3168, 264.2339, 255.9890, 301.4510, 292.1624],
         [271.8369, 263.5982, 255.5264, 300.9587, 290.8241],
         [271.3748, 262.9491, 255.1021, 300.5938, 289.3642],
         [270.9255, 262.2893, 254.7121, 300.3612, 287.8729],
         [270.4846, 261.6234, 254.3517, 300.1831, 286.5001],
         [270.0478, 260.9551, 254.0156, 299.9879, 285.3341],
         [269.6129, 260.2909, 253.6989, 299.7356, 284.3563],
         [269.1772, 259.6369, 253.3968, 299.4161, 283.4949],
         [268.7397, 258.9992, 253.1049, 299.0248, 282.6848],
         [268.2986, 258.3834, 252.8191, 298.5663, 281.8831],
         [267.8529, 257.7950, 252.5374, 298.0479, 281.0663],
         [267.4025, 257.2365, 252.2562, 297.4834, 280.2226],
         [266.9469, 256.7118, 251.9737, 296.8952, 279.3502],
         [266.4855, 256.2207, 251.6895, 296.3108, 278.4541],
         [266.0197, 255.7619, 251.4031, 295.7537, 277.5422],
         [265.5493, 255.3345, 251.1145, 295.2380, 276.6275],
         [265.0753, 254.9337, 250.8240, 294.7647, 275.7251],
         [264.5984, 254.5561, 250.5334, 294.3284, 274.8491],
         [264.1204, 254.1982, 250.2450, 293.9197, 274.0128],
         [263.6421, 253.8553, 249.9590, 293.5308, 273.2242],
         [263.1666, 253.5228, 249.6776, 293.1562, 272.4906],
         [262.6949, 253.1983, 249.4034, 292.7920, 271.8139],
         [262.2293, 252.8768, 249.1361, 292.4375, 271.1917],
         [261.7718, 252.5569, 248.8761, 292.0909, 270.6197],
         [261.3259, 252.2365, 248.6264, 291.7539, 270.0913]]], device='cuda:0',
       grad_fn=<PermuteBackward0>)
tensor([261.6700, 251.6400, 259.0300, 287.6800, 263.9900])


tensor([[[128.0802, 128.0802,  79.5459, 128.0802,  79.5459],
         [271.7851, 246.7153, 213.3747, 279.0042, 227.4174],
         [348.6017, 270.1016, 306.8417, 312.6253, 306.2016],
         [338.5901, 281.4368, 320.2447, 312.5667, 325.7848],
         [326.0239, 274.8932, 320.9677, 299.1850, 298.0422],
         [311.2227, 256.7439, 298.5767, 285.4173, 264.6360],
         [302.7384, 235.5388, 267.1556, 276.8831, 259.0591],
         [296.1419, 221.1761, 232.3090, 284.0038, 240.6547],
         [280.1585, 218.0757, 212.4265, 286.6835, 224.0265],
         [259.0414, 215.5976, 205.4564, 287.8192, 220.4876],
         [240.0123, 215.7339, 207.8937, 277.0780, 232.6441],
         [226.1365, 220.2142, 203.7679, 275.2732, 242.2655],
         [225.1317, 217.7576, 207.5779, 269.8803, 237.0764],
         [216.6454, 219.3773, 211.0301, 287.0852, 234.2594],
         [208.2544, 221.6268, 221.0600, 287.6898, 243.9405],
         [200.2779, 224.8462, 228.0774, 282.7770, 251.7780],
         [194.3269, 226.6064, 221.9569, 284.9155, 250.8755],
         [191.3164, 228.7129, 209.6756, 282.7770, 243.3221],
         [192.9924, 231.5033, 195.3055, 273.8185, 235.4815],
         [199.0811, 236.4530, 181.3034, 261.3025, 227.3900],
         [201.4597, 239.0707, 176.6701, 242.8381, 220.2033],
         [201.7584, 252.6227, 179.2920, 234.1825, 228.5424],
         [201.6357, 289.3101, 187.6439, 249.0404, 252.6185],
         [200.8288, 360.6002, 195.6616, 271.5600, 283.4078],
         [198.8015, 413.5848, 197.9806, 282.5806, 304.6712],
         [196.5349, 424.5063, 196.9831, 284.2926, 310.4105],
         [194.6634, 414.0377, 193.4086, 286.2298, 320.0090],
         [193.2135, 401.6608, 189.4366, 286.0989, 327.8494],
         [192.0753, 387.0233, 185.6045, 285.6607, 331.6880],
         [191.2312, 381.5015, 182.2557, 285.2458, 332.1873],
         [190.7118, 378.6609, 179.4982, 284.2577, 326.4326],
         [190.4588, 376.0653, 177.1935, 282.8091, 319.4833],
         [190.3722, 371.9597, 175.3080, 281.3748, 315.8721],
         [190.4146, 367.8315, 173.5000, 280.2549, 309.9310],
         [190.4878, 364.1278, 171.8578, 279.3809, 306.7253],
         [190.4793, 360.9562, 170.6630, 278.5931, 307.4657],
         [190.4256, 357.7202, 169.8914, 278.0801, 311.9486],
         [190.3593, 356.4526, 169.4292, 279.6028, 313.2372],
         [190.2844, 354.3491, 169.1979, 282.0595, 311.6588],
         [190.2040, 349.2904, 169.1333, 279.9719, 309.1771],
         [190.1261, 344.2760, 169.1796, 276.6570, 306.4310],
         [190.0826, 338.9957, 169.2918, 273.8625, 303.4970],
         [190.3336, 336.4158, 169.4297, 271.8498, 301.3105],
         [192.3025, 335.4594, 169.5776, 270.3828, 298.9980],
         [197.9289, 330.3387, 169.7724, 269.2514, 296.6497],
         [201.7828, 327.2368, 170.3720, 268.3227, 294.9958],
         [202.6473, 326.0814, 173.1630, 267.5034, 293.8951],
         [202.6944, 325.7173, 179.3077, 266.7283, 292.9094],
         [202.5825, 325.5352, 182.8757, 265.9569, 291.9025],
         [202.4381, 325.4121, 183.7996, 265.1658, 290.9307],
         [202.2835, 325.2876, 184.0217, 264.3440, 290.0884],
         [202.1270, 325.0878, 184.0884, 263.4910, 289.4185],
         [201.9704, 324.3213, 184.1146, 262.6127, 288.8929],
         [201.8136, 323.1791, 184.1217, 261.7182, 288.4578],
         [201.6564, 322.7770, 184.1182, 260.8212, 288.0600],
         [201.4992, 320.8205, 184.1086, 259.9313, 287.6656],
         [201.3432, 319.7536, 184.0894, 259.0580, 287.2458],
         [201.1877, 318.4489, 184.0701, 258.2072, 286.7813],
         [201.0328, 316.9179, 184.0480, 257.3809, 286.2614],
         [200.8816, 316.0078, 184.0256, 256.5809, 285.6861],
         [200.7296, 315.4890, 183.9963, 255.8054, 285.0663],
         [200.5786, 315.0632, 183.9633, 255.0547, 284.4196],
         [200.4293, 314.5966, 183.9288, 254.3300, 283.7723],
         [200.2822, 314.0485, 183.8930, 253.6307, 283.1427],
         [200.1382, 313.4037, 183.8534, 252.9618, 282.5393],
         [199.9950, 312.6627, 183.8127, 252.3252, 281.9637],
         [199.8536, 311.8569, 183.7708, 251.7249, 281.4119],
         [199.7143, 311.0503, 183.7294, 251.1630, 280.8795],
         [199.5763, 310.3101, 183.6856, 250.6399, 280.3628],
         [199.4404, 309.6853, 183.6419, 250.1535, 279.8599],
         [199.3072, 309.1840, 183.5960, 249.6990, 279.3710],
         [199.1747, 308.7856, 183.5490, 249.2707, 278.8964],
         [199.0450, 308.4602, 183.4977, 248.8641, 278.4353],
         [198.9179, 308.1771, 183.4510, 248.4731, 277.9896],
         [198.7918, 307.9059, 183.3991, 248.0949, 277.5591],
         [198.6689, 307.6233, 183.3471, 247.7263, 277.1431],
         [198.5471, 307.3044, 183.2984, 247.3657, 276.7424],
         [198.4278, 306.9302, 183.2469, 247.0086, 276.3553],
         [198.3085, 306.4890, 183.1949, 246.6464, 275.9805]]], device='cuda:0',
       grad_fn=<PermuteBackward0>)
tensor([197.7500, 318.5700, 180.6400, 247.2000, 287.5600])


